Recall = 0.9393333333333334
Precision = 0.9131584212780675
F1-Score = 0.9260609571786889