Recall = 0.6122448979591837
Precision = 0.6014522037829337
F1-Score = 0.6068005643316599