Recall = 0.9903980796159232
Precision = 0.990408819627076
F1-Score = 0.9904034495923832