Recall = 0.999
Precision = 0.9990111260253541
F1-Score = 0.9990055629816991