Recall = 0.049666666666666665
Precision = 0.002466777777777778
F1-Score = 0.0047001164390811905