Recall = 0.9943333333333333
Precision = 0.9944586763460798
F1-Score = 0.9943960008898539