Recall = 0.998
Precision = 0.998015591898903
F1-Score = 0.9980077958885534