Recall = 0.8646666666666667
Precision = 0.8567381772832863
F1-Score = 0.8606841633578582