Recall = 0.9901980396079216
Precision = 0.9902205583049215
F1-Score = 0.9902092988283951