Recall = 0.5473094618923785
Precision = 0.521381891533188
F1-Score = 0.534031161720884