Recall = 0.9033806761352271
Precision = 0.9113324018980433
F1-Score = 0.9073391175456126