Recall = 0.9905981196239247
Precision = 0.9906107376790069
F1-Score = 0.9906044286112844