Recall = 0.9519903980796159
Precision = 0.9556267547416103
F1-Score = 0.9538051105448985