Recall = 0.0630126025205041
Precision = 0.013309637389292028
F1-Score = 0.021977208517326357